      1 0.01267200
      1 0.00273846
      1 0.00104000
      1 0.00101024
      4 0.00100000
      1 0.00092000
      3 0.00090000
      1 0.00058700
      2 0.00050000
      1 0.00040000
      1 0.00038550
      1 0.00030659
      1 0.00029800
      1 0.00027362
      1 0.00026064
      1 0.00025200
      4 0.00024900
      1 0.00021766
      1 0.00020788
      1 0.00019920
      1 0.00018080
      1 0.00017500
      1 0.00015800
      1 0.00015435
      2 0.00013571
      2 0.00012950
      1 0.00012342
      1 0.00011180
      1 0.00010472
      1 0.00010401
      4 0.00010000
      1 0.00009893
      2 0.00009184
      1 0.00009093
      1 0.00008986
      1 0.00008652
      2 0.00008400
      1 0.00008000
      1 0.00007910
      1 0.00007872
      3 0.00006830
      2 0.00006804
      1 0.00006514
      3 0.00006504
      1 0.00006120
      1 0.00006082
      2 0.00005700
      1 0.00005491
      1 0.00005169
      1 0.00005157
      1 0.00005021
      7 0.00005000
      1 0.00004985
      1 0.00004980
      1 0.00004974
      1 0.00004843
      3 0.00004520
      1 0.00004359
      5 0.00004350
      1 0.00004330
      3 0.00004293
      3 0.00004254
      1 0.00004149
      1 0.00004145
      1 0.00004080
      2 0.00004033
      1 0.00003976
      1 0.00003958
      1 0.00003951
      2 0.00003740
      2 0.00003507
      1 0.00003392
      1 0.00003340
      1 0.00003252
      9 0.00003215
     10 0.00003176
      1 0.00003154
      1 0.00003045
     20 0.00003000
      1 0.00002961
      1 0.00002899
      1 0.00002794
     18 0.00002772
     16 0.00002734
      1 0.00002650
      1 0.00002600
      1 0.00002570
      6 0.00002508
      1 0.00002439
      1 0.00002310
      1 0.00002302
      1 0.00002260
      1 0.00002250
      1 0.00002011
      1 0.00001961
      1 0.00001874
      2 0.00001871
      1 0.00001841
      1 0.00001825
      1 0.00001800
      1 0.00001780
      2 0.00001745
      1 0.00001639
      1 0.00001630
      9 0.00001620
      1 0.00001595
      1 0.00001575
      1 0.00001572
      2 0.00001566
      2 0.00001560
      1 0.00001540
      1 0.00001535
      1 0.00001512
      1 0.00001503
      2 0.00001496
      2 0.00001494
      1 0.00001482
      1 0.00001455
      1 0.00001445
      1 0.00001435
      2 0.00001368
      1 0.00001344
      1 0.00001285
      4 0.00001250
      1 0.00001179
      2 0.00001169
      1 0.00001146
      1 0.00001130
      2 0.00001122
      1 0.00001100
      1 0.00001097
      1 0.00001095
      1 0.00001038
      1 0.00001017
      1 0.00001014
      3 0.00001008
      9 0.00001000
      1 0.00000996
      2 0.00000984
      5 0.00000904
      1 0.00000876
      1 0.00000872
      1 0.00000845
      1 0.00000811
      1 0.00000788
      1 0.00000780
      3 0.00000764
      3 0.00000756
      1 0.00000748
      1 0.00000741
      1 0.00000679
     13 0.00000678
      1 0.00000664
      3 0.00000624
      8 0.00000618
      3 0.00000573
      3 0.00000567
      1 0.00000532
      1 0.00000531
      2 0.00000527
      4 0.00000524
      2 0.00000518
      1 0.00000505
      1 0.00000501
      2 0.00000490
      1 0.00000488
      8 0.00000486
      1 0.00000454
      2 0.00000452
      1 0.00000437
      1 0.00000395
      1 0.00000372
      1 0.00000336
      1 0.00000334
      5 0.00000328
      1 0.00000327
      1 0.00000326
      4 0.00000324
      1 0.00000281
      1 0.00000279
      2 0.00000226
      3 0.00000224
      1 0.00000222
      1 0.00000184
      2 0.00000166
