     25 0.00001232
      7 0.00000567
      6 0.00000678
      5 0.00000777
      4 0.00003215
      4 0.00001620
      4 0.00000573
      2 0.00071000
      2 0.00005000
      2 0.00004293
      2 0.00002992
      2 0.00001368
      2 0.00001017
      2 0.00000618
      2 0.00000504
      1 0.00115287
      1 0.00090000
      1 0.00029840
      1 0.00025242
      1 0.00023781
      1 0.00021000
      1 0.00018669
      1 0.00018309
      1 0.00015720
      1 0.00014302
      1 0.00013120
      1 0.00012978
      1 0.00012950
      1 0.00009184
      1 0.00009164
      1 0.00008316
      1 0.00007700
      1 0.00007025
      1 0.00006794
      1 0.00006575
      1 0.00006495
      1 0.00004880
      1 0.00004704
      1 0.00004637
      1 0.00004520
      1 0.00004480
      1 0.00004294
      1 0.00004254
      1 0.00004016
      1 0.00003786
      1 0.00003500
      1 0.00003468
      1 0.00003437
      1 0.00003176
      1 0.00003060
      1 0.00002772
      1 0.00002701
      1 0.00002656
      1 0.00002508
      1 0.00002352
      1 0.00002337
      1 0.00002240
      1 0.00002152
      1 0.00002034
      1 0.00001944
      1 0.00001719
      1 0.00001701
      1 0.00001554
      1 0.00001528
      1 0.00001122
      1 0.00001008
      1 0.00000840
      1 0.00000757
      1 0.00000684
      1 0.00000674
      1 0.00000624
      1 0.00000590
      1 0.00000570
      1 0.00000426
      1 0.00000323
      1 0.00000278
      1 0.00000213
      1 0.00000191
