      2 0.00000123
      1 0.00000166
      1 0.00000168
      1 0.00000190
      1 0.00000191
      1 0.00000224
      4 0.00000226
      2 0.00000238
      1 0.00000252
      3 0.00000300
      1 0.00000307
      2 0.00000324
      7 0.00000328
      1 0.00000332
      2 0.00000340
      1 0.00000354
      2 0.00000382
      1 0.00000384
      6 0.00000398
      8 0.00000412
      9 0.00000416
      6 0.00000426
      1 0.00000437
      1 0.00000438
      1 0.00000441
      2 0.00000448
      2 0.00000452
      2 0.00000454
      2 0.00000500
      1 0.00000505
      1 0.00000518
      2 0.00000524
      1 0.00000534
      1 0.00000548
      1 0.00000560
      6 0.00000567
     15 0.00000573
      1 0.00000603
      1 0.00000617
      6 0.00000618
      1 0.00000619
      7 0.00000624
      1 0.00000632
      3 0.00000633
     39 0.00000678
      1 0.00000681
      1 0.00000684
      2 0.00000700
      1 0.00000732
      5 0.00000771
      9 0.00000777
      1 0.00000803
      1 0.00000823
      2 0.00000900
      1 0.00000924
      1 0.00000985
      1 0.00001000
      1 0.00001002
      8 0.00001008
      1 0.00001011
      1 0.00001013
      4 0.00001014
      1 0.00001016
      1 0.00001017
      1 0.00001020
      1 0.00001038
      2 0.00001044
      3 0.00001050
      7 0.00001122
      1 0.00001257
      1 0.00001299
      1 0.00001323
      1 0.00001364
      1 0.00001375
      1 0.00001397
      1 0.00001424
      1 0.00001429
      2 0.00001449
      1 0.00001455
      5 0.00001500
      1 0.00001566
      1 0.00001596
      2 0.00001620
      1 0.00001626
      1 0.00001783
      1 0.00001788
      1 0.00001868
      1 0.00001869
      1 0.00001871
      2 0.00001896
      1 0.00001910
      1 0.00002010
      1 0.00002011
      1 0.00002035
      1 0.00002052
      1 0.00002066
      2 0.00002180
      1 0.00002240
      2 0.00002260
      1 0.00002299
      1 0.00002300
      1 0.00002310
      1 0.00002319
      1 0.00002418
      4 0.00002428
      2 0.00002454
      1 0.00002457
      1 0.00002472
      2 0.00002478
      2 0.00002483
      4 0.00002486
      1 0.00002496
      1 0.00002515
      1 0.00002593
     13 0.00002600
      1 0.00002646
      2 0.00002674
      9 0.00002681
      1 0.00002682
      1 0.00002688
      1 0.00002698
      1 0.00002717
      1 0.00002730
     36 0.00002734
      1 0.00002735
      5 0.00002736
      2 0.00002754
     27 0.00002772
      1 0.00002778
      1 0.00002779
      2 0.00002835
      4 0.00002865
      1 0.00002898
      1 0.00002931
      6 0.00002938
      1 0.00003122
      1 0.00003126
      2 0.00003136
      1 0.00003150
      2 0.00003156
     13 0.00003177
      1 0.00003178
      1 0.00003213
     18 0.00003215
      1 0.00003219
      3 0.00003233
      1 0.00003247
      1 0.00003340
      2 0.00003380
      2 0.00003390
      1 0.00003436
      1 0.00003465
      1 0.00003505
      1 0.00003507
      1 0.00003520
      1 0.00003552
      1 0.00003648
      1 0.00003720
      1 0.00003730
      2 0.00003740
      1 0.00003842
      1 0.00003987
      1 0.00004007
      1 0.00004068
      1 0.00004070
      1 0.00004153
      1 0.00004156
      1 0.00004202
      2 0.00004230
      2 0.00004255
      5 0.00004293
      2 0.00004294
      1 0.00004301
      1 0.00004311
      1 0.00004339
      2 0.00004368
      1 0.00004464
      1 0.00004545
      1 0.00004590
      1 0.00004775
      1 0.00004810
      1 0.00004862
      1 0.00004980
     18 0.00005000
      1 0.00005070
      2 0.00005160
      1 0.00005198
      1 0.00005220
      1 0.00005236
      1 0.00005301
      1 0.00005424
      1 0.00005426
      1 0.00005485
      1 0.00005550
      1 0.00005605
      2 0.00005700
      1 0.00005772
      1 0.00005865
      1 0.00005900
      1 0.00005989
      1 0.00006044
      1 0.00006073
      1 0.00006100
      1 0.00006240
      1 0.00006377
      1 0.00006406
      1 0.00006499
      8 0.00006500
      1 0.00006547
      1 0.00006580
      2 0.00006685
      1 0.00006698
      1 0.00006750
      1 0.00006775
      2 0.00006799
      1 0.00007275
      1 0.00007308
      1 0.00007480
      1 0.00007640
      1 0.00007804
      1 0.00007833
      1 0.00007872
      1 0.00007875
      2 0.00007910
      1 0.00008081
      1 0.00008216
      2 0.00008400
      1 0.00008656
      1 0.00009297
      1 0.00009624
      1 0.00009900
      3 0.00010000
      1 0.00010057
      1 0.00010550
      1 0.00010722
      1 0.00010794
      1 0.00011300
      1 0.00011571
      1 0.00012000
      1 0.00012226
      1 0.00012375
      1 0.00012445
      1 0.00012446
      1 0.00012626
      1 0.00012707
      1 0.00012795
      1 0.00013520
      1 0.00013827
      1 0.00014020
      1 0.00014140
      1 0.00014500
      1 0.00014940
      1 0.00015248
      1 0.00016000
      1 0.00016040
      1 0.00016343
      1 0.00017500
      1 0.00019807
      1 0.00019842
      2 0.00020000
      1 0.00020160
      1 0.00020615
      1 0.00021000
      1 0.00021113
      1 0.00022649
      1 0.00022980
      1 0.00028078
      1 0.00028875
      1 0.00030000
      1 0.00033200
      1 0.00039856
      1 0.00040000
      1 0.00044300
      1 0.00050000
      1 0.00050020
      1 0.00060000
      1 0.00071000
      1 0.00074375
      1 0.00077100
      1 0.00084850
      1 0.00092000
      2 0.00100000
      1 0.00117194
      1 0.00173106
      1 0.00250000
      1 0.00290800
      1 0.00378000
